%YAML:1.0

#common parameters
#support: 1 imu 1 cam; 1 imu 2 cam: 2 cam; 
imu: 1         
num_of_cam: 2  

imu_topic: "/camera/imu"
image0_topic: "/camera/infra1/image_raw"
image1_topic: "/camera/infra2/image_raw"
output_path: "/home/dji/output/"

cam0_calib: "ifo002_cam0.yaml"
cam1_calib: "ifo002_cam1.yaml"
image_width: 848
image_height: 480
   

# Extrinsic parameter between IMU and Camera.
estimate_extrinsic: 0   # 0  Have an accurate extrinsic parameters. We will trust the following imu^R_cam, imu^T_cam, don't change it.
                        # 1  Have an initial guess about extrinsic parameters. We will optimize around your initial guess.

body_T_cam0: !!opencv-matrix
   rows: 4
   cols: 4
   dt: d
   data: [ 0.9999485524716704, -0.0056029013586967, 0.00845576171478631, -0.0053916474845013655,
       0.005606440465364842, 0.9999842058157569, -0.00039489788530673787, -0.02345621685926511,
       -0.008453415589029734, 0.0004422842934298567, 0.9999641714328991, 0.030613308392977635,
       0., 0., 0., 1. ]

body_T_cam1: !!opencv-matrix
   rows: 4
   cols: 4
   dt: d
   data: [ 0.9999538755146656, -0.005737712237520306, 0.0077023049459250745, 0.04445138755914774,
       0.005736647699109563, 0.999983532453519, 0.00016029646957772407, -0.023100951983053685,
       -0.007703097842875494, -0.0001161036660396826, 0.9999703239614472, 0.030220428713195625, 
       0., 0., 0., 1. ]

#Multiple thread support
multiple_thread: 1

#feature traker paprameters
max_cnt: 150            # max feature number in feature tracking
min_dist: 30            # min distance between two features 
freq: 10                # frequence (Hz) of publish tracking result. At least 10Hz for good estimation. If set 0, the frequence will be same as raw image 
F_threshold: 1.0        # ransac threshold (pixel)
show_track: 1           # publish tracking image as topic
flow_back: 1            # perform forward and backward optical flow to improve feature tracking accuracy

#optimization parameters
max_solver_time: 0.04  # max solver itration time (ms), to guarantee real time
max_num_iterations: 8   # max solver itrations, to guarantee real time
keyframe_parallax: 10.0 # keyframe selection threshold (pixel)

#imu parameters       The more accurate parameters you provide, the better performance
acc_n: 0.04620464532          # accelerometer measurement noise standard deviation. #0.2   0.04
gyr_n: 0.01140493692         # gyroscope measurement noise standard deviation.     #0.05  0.004
acc_w: 0.02521979725         # accelerometer bias random work noise standard deviation.  #0.002
gyr_w: 0.00237101337       # gyroscope bias random work noise standard deviation.     #4.0e-5
g_norm: 9.805         # gravity magnitude

#unsynchronization parameters
estimate_td: 0                      # online estimate time offset between camera and imu
td: -0.000822239922685435           # initial value of time offset. unit: s. readed image clock + td = real image clock (IMU clock)

#loop closure parameters
load_previous_pose_graph: 0        # load and reuse previous pose graph; load from 'pose_graph_save_path'
pose_graph_save_path: "/home/dji/output/pose_graph/" # save and load path
save_image: 0                   # save image in pose graph for visualization prupose; you can close this function by setting 0 
